50
87 21 38
100006 100002 100006 100006 100004 100006 100000 100009 100004 100001 100002 100006 100006 100003 100009 100001 100002 100004 100007 100000 100004 100004 100002 100009 100007 100008 100004 100000 100006 100007 100000 100004 100009 100006 100002 100003 100005 100004 100004 100001 100005 100009 100007 100003 100002 100008 100006 100005 100004 100006 100005 100008 100000 100000 100007 100009 100000 100003 100009 100008 100000 100000 100002 100002 100008 100006 100007 100003 100000 100004 100006 100007 100003 100003 100002 100005 100003 100008 100000 100007 100004 100008 100007 100006 100000 100004 100005
20 20 15 28 32 17 22 34 45 28 34 1 20 8 27 9 41 33 21 6 48
10 48 696
100006 100007 100003 100002 100007 100000 100008 100007 100002 100005
27 6 2 49 43 49 29 27 2 49 35 30 10 26 15 31 34 13 42 31 11 8 10 35 23 37 37 41 36 9 28 15 15 30 14 10 31 45 37 34 46 22 16 6 0 31 37 35
47 83 218
100008 100000 100001 100003 100005 100000 100002 100006 100007 100001 100004 100002 100008 100006 100009 100009 100008 100004 100008 100004 100001 100001 100000 100009 100003 100003 100007 100008 100001 100009 100009 100009 100001 100000 100004 100007 100000 100006 100005 100009 100009 100002 100004 100008 100000 100005 100009
28 49 47 14 32 30 16 22 14 1 1 34 33 12 25 22 15 45 7 34 38 23 10 39 35 24 13 3 4 28 44 35 30 41 49 14 24 18 38 40 19 39 24 2 3 2 25 19 49 34 3 37 9 15 27 44 41 42 49 46 21 43 31 3 37 32 17 13 0 6 3 20 47 27 24 1 29 49 22 29 33 27 18
96 44 147
100009 100006 100000 100009 100002 100003 100004 100005 100006 100003 100000 100003 100006 100000 100001 100009 100002 100009 100009 100007 100000 100000 100008 100004 100009 100004 100001 100000 100009 100004 100007 100000 100001 100009 100009 100005 100002 100006 100001 100000 100009 100001 100006 100006 100003 100007 100005 100008 100008 100004 100007 100000 100005 100005 100004 100006 100001 100006 100008 100002 100002 100008 100003 100005 100007 100004 100001 100002 100000 100004 100004 100000 100007 100000 100006 100002 100000 100003 100000 100008 100008 100007 100001 100005 100005 100005 100001 100008 100001 100000 100001 100006 100008 100006 100001 100007
40 44 21 31 20 36 43 17 6 11 40 28 24 12 37 4 32 28 1 47 15 45 47 39 35 8 35 25 4 26 4 47 23 26 30 43 12 25 13 20 36 3 49 12
18 89 519
100009 100008 100000 100008 100003 100005 100006 100002 100002 100004 100009 100009 100001 100008 100006 100000 100001 100002
40 6 26 15 19 46 3 24 47 15 42 35 36 41 3 7 40 39 24 38 13 29 42 23 8 5 11 44 15 24 8 7 30 36 24 0 33 27 24 30 43 16 18 31 10 21 38 2 12 15 40 26 44 34 49 4 42 12 1 9 38 9 17 18 46 41 20 31 19 45 13 14 13 31 45 25 5 36 27 17 3 19 43 47 4 44 3 46 8
5 56 446
100006 100004 100005 100004 100006
37 45 37 34 10 3 48 44 0 25 49 38 5 18 41 24 14 40 30 8 44 28 19 0 36 15 16 10 30 30 28 20 25 17 4 38 20 2 32 23 30 33 11 37 1 5 11 15 45 44 26 41 22 45 42 10
63 59 571
100005 100009 100001 100005 100006 100009 100009 100006 100001 100004 100008 100004 100004 100001 100006 100001 100005 100001 100004 100002 100008 100000 100000 100000 100005 100007 100004 100005 100000 100004 100008 100005 100003 100000 100000 100002 100009 100009 100008 100002 100003 100009 100007 100009 100002 100003 100000 100009 100006 100007 100002 100004 100007 100004 100006 100002 100002 100002 100000 100002 100007 100008 100009
2 18 9 34 49 20 25 22 6 6 9 45 8 24 28 40 22 17 12 48 4 8 47 19 20 9 19 14 46 29 35 49 48 44 35 49 17 12 23 23 18 34 20 29 10 48 19 32 15 33 31 22 41 28 41 14 37 12 28
37 92 864
100007 100001 100000 100004 100003 100009 100009 100006 100002 100007 100003 100005 100008 100003 100003 100009 100006 100001 100004 100007 100003 100006 100007 100006 100002 100006 100000 100002 100002 100003 100008 100001 100005 100009 100006 100008 100000
35 16 45 44 19 20 35 33 45 46 31 36 41 10 1 29 17 9 31 13 29 13 48 45 12 21 0 23 17 0 13 4 18 10 1 38 30 36 23 26 34 4 14 25 14 16 4 33 27 35 48 9 1 48 4 15 20 6 38 39 8 3 44 26 14 47 16 44 33 39 22 19 45 37 45 11 5 1 44 34 37 45 43 40 43 47 5 13 5 43 3 13
99 50 740
100002 100006 100006 100009 100001 100008 100001 100000 100005 100000 100005 100009 100007 100007 100005 100002 100006 100000 100005 100008 100004 100005 100003 100009 100000 100008 100002 100004 100006 100003 100006 100001 100009 100004 100000 100000 100002 100001 100001 100000 100004 100008 100009 100001 100007 100004 100003 100005 100005 100009 100003 100001 100006 100008 100000 100006 100006 100005 100000 100005 100008 100006 100006 100000 100001 100006 100002 100005 100009 100005 100007 100003 100004 100008 100007 100003 100003 100000 100009 100000 100001 100004 100003 100007 100003 100005 100004 100001 100002 100006 100006 100003 100005 100002 100003 100008 100000 100005 100005
22 1 45 47 7 3 4 0 46 7 21 28 8 48 41 18 11 49 44 42 11 10 21 44 37 35 9 47 36 47 13 8 48 8 5 7 13 12 9 10 19 33 40 27 31 34 47 44 33 41
39 47 504
100009 100003 100001 100005 100002 100001 100003 100001 100004 100001 100009 100004 100008 100008 100007 100000 100008 100009 100001 100001 100002 100001 100002 100006 100008 100006 100001 100000 100006 100009 100006 100006 100002 100009 100001 100007 100000 100006 100008
46 49 0 10 47 8 40 10 28 31 41 29 13 2 13 31 13 41 32 13 8 32 21 36 26 20 9 23 11 15 24 9 14 24 20 13 34 12 23 13 43 17 44 7 21 10 40
85 4 573
100009 100003 100007 100000 100009 100005 100001 100008 100009 100004 100003 100005 100003 100009 100001 100005 100003 100007 100009 100006 100002 100003 100005 100009 100002 100007 100009 100002 100001 100004 100007 100001 100008 100004 100003 100007 100002 100004 100008 100003 100000 100001 100008 100006 100003 100001 100001 100006 100008 100001 100004 100001 100006 100000 100000 100000 100009 100001 100002 100000 100005 100002 100003 100003 100008 100007 100003 100000 100003 100001 100003 100004 100004 100001 100000 100007 100002 100003 100003 100003 100006 100000 100004 100002 100000
16 42 9 27
58 72 212
100001 100007 100006 100009 100004 100001 100002 100009 100002 100005 100003 100006 100009 100005 100006 100003 100009 100009 100006 100007 100009 100002 100000 100001 100008 100004 100002 100005 100003 100006 100008 100004 100003 100006 100006 100009 100007 100008 100000 100001 100005 100006 100007 100004 100001 100003 100008 100002 100005 100006 100000 100006 100009 100002 100000 100007 100008 100002
15 24 10 35 0 5 41 26 26 0 26 27 21 42 33 40 26 4 6 6 29 31 25 11 29 6 23 49 15 13 4 30 37 14 15 38 20 8 14 48 8 43 25 31 35 8 22 13 15 28 22 44 11 49 7 40 5 30 40 20 45 46 3 33 10 18 21 32 29 37 31 39
31 57 271
100007 100007 100005 100003 100002 100003 100005 100008 100006 100004 100005 100006 100001 100007 100008 100001 100004 100004 100004 100007 100007 100005 100000 100009 100004 100008 100002 100003 100000 100001 100006
10 18 41 43 2 16 0 32 2 6 19 31 17 36 49 0 0 16 37 0 43 42 20 4 28 30 47 3 23 0 0 33 18 43 26 22 10 28 4 14 34 23 47 3 11 49 3 13 15 40 13 10 34 36 14 12 16
64 69 91
100003 100008 100004 100003 100003 100002 100005 100005 100000 100009 100000 100006 100004 100007 100009 100007 100008 100003 100001 100003 100005 100006 100005 100000 100004 100000 100002 100003 100005 100000 100004 100009 100000 100009 100002 100004 100003 100000 100009 100004 100001 100001 100002 100008 100001 100002 100005 100009 100007 100006 100005 100002 100005 100000 100002 100009 100002 100007 100002 100008 100009 100009 100009 100002
8 13 26 11 13 17 47 25 1 2 23 24 24 20 35 23 27 0 37 14 33 2 15 45 29 0 5 40 9 24 2 17 38 30 30 1 0 30 28 1 32 3 27 8 24 12 33 3 15 20 19 48 22 34 45 3 34 1 44 43 25 46 12 13 27 45 17 29 27
98 81 11
100003 100009 100009 100009 100001 100004 100004 100006 100004 100003 100006 100007 100007 100002 100000 100002 100003 100006 100007 100000 100005 100000 100006 100004 100007 100003 100003 100004 100002 100005 100005 100007 100004 100006 100006 100005 100000 100000 100004 100004 100003 100000 100003 100003 100002 100006 100007 100007 100002 100004 100008 100007 100006 100004 100001 100003 100009 100004 100007 100003 100009 100002 100001 100003 100000 100009 100001 100000 100000 100005 100005 100005 100007 100000 100008 100002 100006 100007 100001 100009 100002 100009 100008 100008 100005 100002 100004 100006 100006 100001 100002 100008 100006 100003 100003 100006 100004 100006
37 14 43 4 2 21 34 42 25 33 10 36 44 22 18 12 12 43 14 6 12 3 10 14 13 38 49 38 24 43 45 13 10 38 19 12 11 6 4 36 39 14 23 33 38 41 47 3 36 14 9 0 19 21 16 32 9 17 20 36 13 17 49 23 6 21 37 17 27 43 6 18 10 29 3 0 22 0 3 10 14
66 64 685
100006 100009 100007 100006 100007 100000 100002 100002 100009 100003 100007 100005 100004 100006 100005 100003 100009 100003 100001 100001 100004 100006 100002 100006 100007 100007 100008 100003 100002 100001 100009 100009 100003 100008 100007 100002 100000 100009 100004 100000 100004 100001 100005 100009 100007 100002 100004 100008 100005 100008 100002 100009 100004 100006 100007 100003 100003 100008 100007 100006 100009 100008 100007 100004 100006 100006
36 47 5 0 27 11 3 24 22 32 9 17 33 36 15 15 38 21 31 37 35 34 45 24 42 27 24 41 11 0 27 48 49 34 0 28 46 6 5 18 38 16 37 21 2 4 38 42 26 19 30 13 6 25 39 0 4 13 42 16 15 21 16 17
7 69 245
100004 100004 100002 100004 100005 100008 100002
36 23 16 25 15 44 46 45 7 4 23 46 5 29 11 49 45 27 20 13 44 28 32 41 34 8 46 9 23 16 21 12 39 39 39 5 34 35 2 43 40 27 42 45 7 3 46 4 32 16 18 28 47 2 22 31 10 20 40 34 36 13 46 26 3 35 33 39 22
38 85 564
100005 100006 100001 100004 100002 100007 100008 100006 100004 100006 100005 100003 100000 100009 100004 100003 100009 100005 100009 100005 100000 100007 100003 100005 100004 100006 100006 100006 100004 100001 100001 100001 100009 100002 100005 100001 100002 100003
18 18 42 15 41 44 36 45 7 25 42 6 2 3 3 6 20 37 44 27 46 20 18 19 13 37 3 28 41 45 24 11 13 18 28 4 12 14 0 20 41 44 28 43 49 34 1 20 21 48 47 19 18 17 38 32 4 42 12 47 37 36 8 1 6 36 7 19 0 7 41 43 4 19 39 3 3 40 23 27 40 22 46 11 39
86 46 746
100007 100007 100003 100006 100006 100004 100007 100002 100000 100005 100003 100003 100004 100004 100006 100008 100006 100005 100004 100009 100008 100007 100008 100008 100002 100005 100009 100001 100002 100006 100009 100001 100004 100003 100007 100002 100009 100007 100006 100009 100004 100000 100002 100008 100004 100009 100009 100000 100006 100003 100002 100004 100002 100002 100005 100004 100007 100006 100008 100001 100003 100007 100002 100007 100002 100000 100001 100001 100009 100007 100001 100003 100007 100005 100003 100004 100006 100004 100006 100003 100009 100000 100009 100002 100003 100004
48 20 31 6 4 24 46 16 43 8 28 34 2 7 3 13 32 23 40 36 7 19 12 43 22 2 24 23 26 19 28 24 41 9 33 45 35 29 12 28 37 42 14 39 2 17
5 35 840
100007 100002 100009 100006 100005
45 40 39 21 13 15 40 41 39 31 2 22 27 37 1 41 17 41 33 31 32 35 1 37 20 43 34 44 43 2 29 38 42 18 11
56 34 251
100007 100005 100002 100001 100009 100001 100009 100003 100002 100008 100004 100006 100002 100006 100001 100003 100005 100003 100008 100001 100008 100003 100003 100009 100003 100005 100000 100004 100001 100005 100005 100000 100002 100000 100001 100002 100001 100002 100005 100004 100001 100009 100002 100005 100007 100005 100000 100003 100009 100008 100004 100009 100002 100008 100000 100005
45 42 20 48 18 7 48 20 27 2 24 9 46 29 45 49 30 17 44 8 12 34 3 3 15 49 34 27 49 35 14 45 27 36
44 98 544
100004 100000 100001 100008 100004 100002 100006 100006 100007 100006 100006 100004 100000 100006 100009 100007 100001 100002 100002 100001 100007 100001 100000 100004 100005 100005 100003 100002 100001 100001 100006 100007 100001 100009 100007 100007 100002 100003 100003 100001 100009 100002 100006 100002
30 7 21 2 19 13 23 18 34 43 4 21 11 18 43 24 31 11 33 14 1 40 41 23 45 47 26 47 9 22 41 41 31 12 43 3 27 18 23 11 12 28 34 25 46 28 1 29 41 34 43 42 26 36 17 23 33 44 20 44 18 11 36 0 23 29 5 2 48 28 13 12 6 0 39 4 28 42 33 21 26 28 14 4 15 31 27 48 27 0 45 46 11 31 48 37 12 3
90 63 581
100005 100006 100000 100005 100005 100004 100005 100007 100000 100006 100005 100008 100002 100001 100005 100006 100009 100004 100003 100009 100001 100001 100002 100002 100001 100001 100006 100006 100001 100009 100000 100008 100005 100000 100005 100003 100006 100000 100002 100008 100008 100008 100009 100001 100009 100004 100009 100000 100000 100002 100001 100001 100006 100006 100003 100009 100007 100002 100006 100008 100001 100006 100008 100008 100008 100003 100001 100006 100005 100004 100005 100004 100004 100006 100007 100005 100000 100006 100006 100001 100000 100009 100002 100008 100005 100008 100008 100005 100000 100004
15 3 32 4 31 2 17 33 28 43 19 45 39 25 11 26 40 2 14 38 45 34 38 7 23 25 45 13 20 27 37 36 30 21 42 12 23 9 47 3 4 18 1 45 43 12 21 33 16 37 22 13 24 12 21 47 39 18 10 10 48 49 48
29 71 40
100002 100005 100001 100009 100000 100008 100009 100001 100003 100002 100004 100007 100008 100002 100004 100000 100006 100008 100004 100009 100007 100003 100007 100009 100005 100007 100008 100005 100006
20 17 8 17 21 0 18 29 9 19 34 12 35 11 0 18 26 12 16 16 38 35 4 3 24 3 29 12 4 6 30 26 24 38 44 47 40 14 26 2 33 12 16 19 24 18 39 2 30 7 18 20 42 22 23 18 28 4 32 34 11 12 10 37 3 6 34 43 20 12 45
5 75 961
100005 100000 100009 100006 100002
11 23 21 31 17 45 7 35 25 11 18 9 24 32 20 11 35 28 47 31 49 11 28 3 38 42 30 38 23 46 43 37 19 14 20 36 11 27 23 39 39 43 48 13 26 20 27 13 49 24 44 48 38 25 3 26 17 35 16 42 31 9 29 2 25 0 40 39 29 15 28 18 9 28 34
38 50 663
100000 100000 100009 100007 100000 100007 100002 100003 100005 100001 100008 100002 100005 100001 100003 100005 100005 100001 100007 100007 100000 100006 100002 100008 100007 100003 100006 100003 100000 100007 100006 100001 100007 100007 100008 100007 100005 100002
12 42 45 2 16 30 25 0 47 0 11 14 19 13 13 2 43 32 45 1 35 28 9 3 9 18 10 39 28 47 43 42 40 38 45 6 20 22 8 18 25 21 34 44 34 47 48 29 29 46
32 17 424
100002 100001 100005 100000 100002 100006 100000 100009 100009 100003 100001 100009 100000 100008 100001 100004 100008 100009 100009 100000 100004 100006 100006 100003 100004 100006 100005 100000 100007 100003 100006 100009
5 31 11 39 7 4 20 28 39 42 37 21 22 19 25 10 20
56 71 406
100003 100007 100002 100007 100003 100007 100000 100002 100002 100008 100001 100007 100000 100004 100006 100009 100008 100007 100008 100009 100001 100007 100000 100003 100008 100006 100003 100001 100003 100006 100007 100006 100005 100001 100005 100008 100000 100007 100002 100003 100006 100005 100000 100006 100009 100009 100007 100000 100008 100007 100009 100009 100005 100000 100004 100005
8 39 26 21 45 16 17 20 47 24 40 38 12 12 23 28 37 5 6 29 24 3 41 4 1 10 35 38 12 39 33 20 29 12 43 26 30 12 47 27 37 39 17 49 4 42 29 43 48 35 22 24 40 15 29 43 26 16 33 40 8 19 13 37 31 6 15 11 19 14 40
9 55 310
100009 100008 100002 100008 100003 100000 100005 100006 100007
17 41 6 13 19 24 46 12 32 15 25 21 48 33 37 11 4 1 2 12 7 14 23 17 18 13 21 21 38 49 48 8 42 6 21 14 30 19 26 13 35 3 36 33 36 25 45 43 29 49 7 36 15 31 6
34 45 127
100004 100005 100008 100002 100003 100000 100008 100006 100006 100001 100005 100002 100006 100002 100007 100002 100008 100006 100008 100003 100009 100007 100004 100006 100005 100001 100007 100001 100004 100004 100000 100001 100009 100000
13 14 21 24 32 9 15 17 22 21 40 41 15 0 47 33 5 46 32 9 5 18 30 44 11 36 28 32 47 49 32 13 13 5 37 45 15 4 15 39 27 7 32 42 7
81 29 912
100006 100000 100003 100003 100000 100005 100008 100004 100001 100006 100006 100001 100008 100000 100004 100001 100008 100001 100009 100005 100007 100006 100006 100004 100003 100008 100008 100002 100008 100006 100004 100007 100009 100009 100000 100001 100004 100008 100005 100007 100007 100003 100008 100005 100006 100002 100008 100006 100005 100009 100003 100002 100005 100009 100008 100000 100009 100007 100002 100000 100005 100008 100007 100006 100007 100009 100000 100003 100000 100007 100001 100007 100003 100009 100004 100009 100002 100004 100007 100009 100004
30 22 31 39 22 2 10 39 24 20 7 15 47 35 42 29 5 18 39 13 29 38 36 18 32 37 42 48 34
95 3 664
100006 100004 100005 100008 100008 100005 100000 100004 100008 100009 100009 100005 100004 100004 100006 100002 100002 100005 100007 100001 100005 100005 100001 100007 100002 100006 100008 100008 100000 100000 100004 100008 100006 100009 100008 100004 100006 100000 100009 100004 100009 100000 100002 100006 100004 100008 100008 100006 100006 100007 100007 100001 100002 100001 100001 100006 100007 100009 100004 100009 100001 100008 100007 100000 100009 100007 100006 100007 100008 100007 100004 100009 100008 100006 100005 100002 100006 100005 100001 100004 100002 100000 100008 100004 100001 100009 100000 100000 100000 100006 100001 100003 100004 100008 100003
5 48 40
44 7 17
100007 100005 100007 100005 100003 100000 100003 100008 100001 100008 100003 100003 100006 100007 100005 100007 100000 100007 100009 100006 100009 100002 100003 100009 100006 100000 100007 100008 100005 100003 100005 100004 100001 100003 100009 100004 100005 100003 100004 100008 100003 100007 100001 100001
37 28 8 7 16 29 35
18 82 30
100006 100009 100001 100004 100007 100006 100009 100005 100001 100002 100000 100002 100006 100005 100007 100003 100005 100002
40 8 23 27 37 33 36 5 12 24 24 44 4 0 13 37 36 13 14 38 8 7 30 48 31 49 35 41 4 40 23 44 0 47 24 37 32 12 44 45 36 20 41 41 23 4 28 9 19 44 49 27 3 32 25 37 33 10 28 37 2 1 33 3 0 7 42 33 20 39 30 8 9 21 49 32 27 30 44 47 26 45
25 81 677
100002 100007 100000 100004 100007 100007 100007 100008 100001 100002 100001 100000 100006 100006 100002 100005 100006 100001 100007 100009 100002 100009 100006 100004 100005
15 31 41 42 13 20 44 32 33 10 29 30 29 29 13 1 30 6 18 18 20 25 34 43 42 25 16 44 44 22 41 9 3 32 3 18 5 49 0 38 10 29 20 39 9 36 43 41 42 13 12 12 38 48 6 31 24 24 27 18 46 18 29 2 3 33 20 8 32 21 46 44 2 16 36 13 2 29 7 46 42
20 12 432
100007 100009 100005 100001 100005 100002 100001 100003 100001 100003 100005 100004 100006 100008 100004 100000 100001 100000 100005 100003
38 43 9 43 22 16 41 16 37 2 0 4
24 67 948
100008 100008 100001 100002 100001 100004 100009 100007 100002 100007 100001 100003 100000 100003 100000 100004 100004 100003 100005 100009 100007 100003 100000 100005
30 15 35 36 38 1 34 7 12 48 21 35 2 30 25 35 10 38 30 30 22 30 46 48 25 21 17 42 14 29 27 46 44 14 33 35 18 19 44 30 17 15 17 20 47 42 7 9 31 37 40 5 19 38 3 44 12 22 38 28 1 17 25 48 31 8 35
50 78 729
100001 100007 100006 100009 100007 100003 100003 100006 100003 100004 100005 100005 100009 100004 100005 100004 100000 100007 100006 100008 100006 100000 100007 100001 100000 100008 100001 100005 100000 100000 100006 100001 100007 100002 100002 100006 100007 100006 100002 100002 100000 100007 100009 100002 100003 100005 100008 100003 100002 100007
33 30 9 20 33 19 41 44 16 11 37 42 14 24 16 17 31 33 15 15 8 35 15 27 39 48 32 28 14 37 25 47 19 34 18 3 5 11 49 23 22 36 17 36 13 33 5 44 18 20 11 28 8 26 6 49 27 40 27 41 29 4 38 49 40 8 2 45 19 1 18 43 40 35 32 3 20 37
50 42 610
100000 100009 100008 100007 100005 100007 100004 100008 100007 100007 100007 100003 100007 100006 100004 100006 100000 100001 100007 100002 100002 100003 100002 100009 100005 100007 100000 100004 100006 100001 100004 100006 100000 100004 100005 100008 100004 100001 100008 100003 100008 100005 100006 100006 100002 100000 100004 100004 100004 100003
26 46 26 20 45 33 17 15 30 15 28 36 22 11 11 19 21 7 31 49 2 1 24 48 19 48 41 45 23 25 49 1 21 27 24 16 11 43 34 41 9 14
28 84 925
100000 100002 100008 100009 100005 100007 100001 100007 100004 100002 100008 100002 100003 100004 100007 100000 100003 100001 100001 100002 100005 100009 100003 100008 100005 100006 100007 100000
16 12 37 8 15 36 8 2 35 11 41 9 13 0 34 8 6 31 28 11 32 21 43 9 33 39 28 28 25 7 40 43 22 30 2 37 18 12 41 3 25 33 13 39 33 49 47 41 32 26 2 17 49 45 26 32 34 6 13 12 16 3 5 38 35 9 27 3 23 18 7 49 1 22 40 36 21 39 27 3 17 29 20 17
26 50 49
100001 100005 100002 100003 100001 100008 100001 100009 100003 100002 100006 100009 100008 100005 100006 100009 100008 100000 100009 100005 100003 100008 100004 100008 100008 100004
41 35 31 40 36 44 45 1 18 19 19 1 28 24 43 17 33 11 24 1 30 32 43 41 29 6 42 6 25 10 12 16 45 43 6 33 37 3 34 7 22 5 8 3 30 4 22 15 17 48
18 51 880
100002 100001 100002 100009 100005 100008 100006 100005 100000 100002 100002 100005 100000 100006 100004 100005 100002 100004
0 18 32 5 48 38 27 13 8 27 32 8 9 47 1 21 16 37 41 14 34 23 28 29 0 48 7 15 25 19 39 27 37 23 32 35 14 11 1 22 38 35 32 48 32 35 21 0 24 13 14
10 39 92
100008 100009 100002 100005 100004 100000 100004 100005 100007 100004
18 30 39 34 43 42 6 32 30 40 32 14 26 3 15 0 18 31 9 7 26 49 46 18 46 2 40 13 47 38 17 17 18 8 4 11 3 10 45
36 2 777
100009 100009 100001 100006 100009 100009 100000 100001 100008 100006 100000 100006 100006 100009 100008 100007 100004 100007 100005 100001 100007 100005 100001 100001 100006 100006 100003 100004 100001 100006 100001 100001 100005 100004 100009 100005
16 39
47 25 915
100008 100001 100002 100007 100001 100001 100001 100001 100006 100004 100008 100001 100008 100001 100009 100004 100004 100003 100008 100001 100007 100001 100006 100001 100000 100003 100007 100000 100009 100004 100007 100000 100007 100001 100007 100008 100002 100001 100009 100000 100007 100009 100001 100007 100000 100003 100004
47 48 2 48 15 23 26 49 35 10 48 37 41 22 5 11 31 36 11 30 21 44 31 31 33
64 66 711
100003 100008 100005 100000 100006 100009 100000 100004 100002 100009 100003 100009 100009 100001 100007 100002 100006 100002 100006 100009 100000 100009 100009 100001 100003 100003 100005 100006 100006 100000 100007 100001 100008 100004 100002 100006 100003 100004 100000 100007 100003 100005 100007 100004 100009 100004 100007 100005 100008 100005 100004 100008 100004 100006 100002 100007 100001 100007 100005 100007 100007 100005 100008 100007
49 22 35 35 7 16 12 20 41 21 25 10 45 14 47 43 49 34 4 43 2 46 42 33 5 29 42 44 14 32 43 16 5 28 1 14 46 15 34 40 37 11 2 34 25 0 30 26 36 34 21 38 32 15 23 37 45 15 33 9 47 26 25 4 4 28
69 2 694
100005 100003 100001 100006 100005 100005 100004 100007 100005 100002 100003 100001 100004 100003 100003 100009 100008 100002 100006 100003 100005 100006 100003 100003 100003 100009 100000 100004 100008 100003 100008 100005 100006 100001 100003 100001 100008 100009 100009 100006 100002 100004 100007 100006 100000 100003 100007 100008 100007 100004 100004 100005 100002 100007 100008 100007 100008 100008 100001 100006 100001 100001 100003 100007 100002 100007 100001 100001 100008
2 37
61 97 886
100008 100008 100001 100008 100007 100009 100004 100001 100004 100006 100000 100004 100005 100008 100005 100009 100007 100008 100000 100002 100006 100005 100001 100009 100006 100000 100001 100005 100002 100009 100003 100001 100008 100005 100001 100007 100006 100005 100000 100000 100001 100000 100006 100008 100000 100001 100007 100009 100000 100000 100002 100008 100005 100005 100009 100003 100005 100000 100008 100008 100001
23 1 39 8 32 16 14 37 16 46 30 38 25 20 1 38 38 10 0 40 24 40 25 12 49 18 47 31 8 47 33 33 0 22 42 34 41 8 23 9 7 3 48 32 26 49 22 16 11 23 6 38 13 33 0 15 1 49 46 11 49 29 44 49 4 38 36 47 49 9 6 8 15 4 42 41 5 14 7 19 37 15 9 3 48 9 20 49 10 16 12 9 48 8 11 4 49
48 52 198
100006 100007 100006 100001 100004 100008 100004 100009 100004 100001 100000 100004 100006 100009 100009 100004 100000 100009 100005 100001 100007 100009 100000 100007 100000 100003 100001 100009 100000 100004 100009 100007 100002 100007 100000 100008 100007 100005 100009 100001 100008 100000 100005 100007 100001 100004 100003 100002
25 21 23 23 20 5 20 30 49 24 41 39 28 0 38 42 17 11 20 36 48 22 18 6 12 3 5 3 0 39 7 25 10 30 48 32 38 21 15 37 47 6 28 25 9 19 20 28 32 42 15 30
15 34 888
100008 100008 100004 100004 100000 100005 100001 100006 100005 100004 100006 100009 100002 100007 100004
1 34 3 31 12 12 2 34 42 34 26 9 16 43 44 5 21 33 49 7 23 34 49 41 31 25 8 10 39 45 7 40 32 10